4
6
1
7
28
3
9
5
34
52
19
0
60
54
75
4
76
82
78
6
80
31
84
23
77
30
83
70
66
16
564
73
94
2
56
329
93
8
7
57
12
64
65
63
85
520
89
88
18
48
62
15
41
96
4
20
58
4
49
33
87
901
81
97
39
21
925
59
921
53
78
553
47
35
55
489
45
374
780
129
69
751
74
243
284
422
120
8140
91
71
90
11
10
14
158
276
298
673
983
51
88
935
236
44
40
474
92
43
68
610
819
823
872
32
638
7
2
151
153
403
909
5
50
28
126
26
203
336
3
150
6
223
432
9
870
38
651
947
25
764
830
3995
931
868
86
5
2
442
98
79
528
668
8
36
7
3
795
3
9
253
452
524
4119
712
263
131
809
939
447
570
352
417
279
6
460
922
67
532
827
418
0
3
0
981
245
750
3
7
696
717
16
218
3
135
948
278
27
72
450
6672
426
644
157
616
840
929
964
139
752
3
318
250
802
46
7
300
42
728
37
333
555
735
400
8381
928
25
825
29
191
8
444
130
216
194
22
177
906
978
9044
993
965
397
743
409
531
348
13
6434
86
24
702
661
8
431
843
7
73
82
3827
818
436
419
197
7
357
271
880
95
998
619
857
781
47
219
600
323
844
882
578
385
3
8533
0
792
1796
9446
5
134
7976
635
505
997
545
445
842
897
285
427
8031
6
536
1
340
768
293
407
605
908
1922
627
5203
596
269
617
0
220
61
572
846
6338
122
822
99
314
451
326
395
653
60
461
492
7
581
3142
568
898
160
115
6186
390
531
42
2184
970
706
4
688
7646
156
860
17
108
758
68
3835
567
863
4054
582
980
1058
851
399
2743
2
6190
111
343
833
1
322
58
927
3878
902
7
8750
71
413
54
56
345
556
454
828
854
3
640
693
2968
4
9
32
547
435
239
628
790
692
8
246
4
8
727
133
685
684
5548
883
953
146
449
366
733
958
782
659
209
180
816
208
63
470
744
170
274
910
185
4716
379
4
396
3922
4830
371
9573
974
82
777
76
6970
8778
700
3413
713
603
954
630
192
977
852
9847
3
381
8133
9485
621
800
6
591
389
8
8682
763
3
670
657
546
1444
776
805
9338
448
9336
64
232
258
4
905
4
342
975
404
5957
589
1282
3616
914
310
934
680
311
321
363
433
414
718
2865
10
7
46
6248
137
811
539
198
548
210
376
834
3822
3
1
325
586
8469
753
666
4589
265
260
3
576
585
4767
11
7
114
72
9260
213
171
963
93
583
388
664
6892
103
674
83
500
3491
5
7198
9
6555
8293
932
480
557
507
360
9
590
464
6
217
55764
5215
6708
5641
494
3
261
437
9328
6
477
118
247
2412
99
98
513
1
5294
16
4607
75
5976
9
9410
730
84
748
12
2293
4973
989
588
3956
152
124
1436
104
865
8
774
885
6030
610
7805
944
55
6
604
917
3
0
767
294
54
5748
671
6079
2679
2972
3899
1846
187
438
7661
900
4074
335
695
9102
6
2
899
6
810
8738
976
165
5342
5879
945
429
97
636
1988
9
493
9267
631
806
830
7
7398
849
193
225
5626
773
0
289
9554
9349
5
1211
107
5132
6373
6053
7389
847
1859
624
125
138
4407
9
5822
611
3694
709
5801
7
940
89
42
334
98
866
7834
441
8153
9600
4208
237
7211
6738
3980
231
119
955
315
858
862
9090
2628
81
2745
5407
425
411
887
669
817
637
292
9003
3428
405
7214
175
8785
747
3023
1725
6017
8552
663
23
2
8743
324
869
3953
9279
652
15
612
6843
504
1403
148
599
97
3410
267
34
550
4
23
5
9129
5727
339
9531
919
2760
143
8349
401
7509
891
483
3704
110
660
77
3046
999
676
2595
1000
4997
53
164
890
80
4741
511
20
155
705
2552
178
368
309
791
4718
4569
386
6701
9470
9
56
643
1387
5
739
3561
597
14
9
8084
788
7210
319
6010
2869
7638
353
262
808
228
423
9
283
587
3247
8
8028
714
8309
9127
430
841
281
740
6805
6
8933
2
7909
0
3655
4683
472
5
303
8992
378
8282
2142
174
190
98
732
402
1
31
824
722
6
3
1393
778
2440
5502
68
66
297
698
1800
475
609
230
338
571
81
724
783
2974
9203
5613
26
1
794
457
5239
8859
521
63901
918
4688
5888
236
8718
144
2611
7
930
6033
1724
100
515
416
995
331
9944
6213
3
551
347
7609
261
348
61
4508
99
9
4877
951
286
558
8904
1291
9266
8922
20
766
9691
380
3908
4043
1683
815
478
11
4775
199
4623
179
936
16
28
34
3084
721
366
106
5019
8
5
949
3
889
200
244
4700
184
6543
41
8020
5665
1
967
1075
736
606
142
7745
327
7971
538
6884
235
837
79
1333
354
941
789
434
1
920
701
154
99
5021
7830
913
9297
240
7045
102
20
8029
933
8520
942
516
3630
8932
176
894
229
2
467
677
554
41
49
904
128
719
2
678
8711
9
4770
82
801
356
907
5405
2
4187
9801
5557
15
9139
3052
7435
5
7253
5759
8130
5023
4463
48
4288
5
1
490
8172
453
3935
6725
3450
9
4885
7295
600
1
37
799
6882
506
784
7126
3326
3857
8311
3736
175
892
8
5891
6529
211
6110
5174
69
5047
439
514
222
60
295
3735
10
7770
5
512
662
2400
6087
471
592
3
832
804
68
946
973
140
501
142
394
646
8608
665
9137
2
4
102
5434
3568
3
623
1077
0
2733
290
255
5975
2893
6726
886
798
726
387
0
8
8566
56
299
280
3360
540
959
370
707
826
462
715
9364
650
4341
1
482
9
17
8341
375
273
8204
991
6581
8050
838
6954
207
485
4831
4329
6834
3544
2582
8658
85
7672
408
6883
9694
127
9895
1768
6712
259
147
867
518
1026
618
871
306
579
235
907
201
4
3691
312
7772
3051
6829
5003
43
8335
302
6232
42
2160
6964
6
86310
8059
6073
330
308
16
4535
3
937
7998
699
5
32
6969
71
5836
2
797
3
7451
690
682
117
64
5406
19203
196
1153
3477
428
401
4827
9079
49
2051
20590
9
486
97
8451
361
6839
1543
634
2
8550
4920
2512
953
5443
6703
522
878
968
5498
6419
7771
320
6007
7488
96035
93
992
3447
6965
2277
1573
7987
866
3850
7
7090
8668
182
3524
896
6562
1051
843
322
8779
7810
1
5596
0
2382
729
8903
6173
65
731
4351
4669
831
602
615
3435
8076
5874
6
1949
6677
7707
9
0
3658
708
4
5
884
8091
2951
903
88
881
559
5859
598
7265
183
3100
3421
132
212
9656
6003
3419
9
15
5818
757
3504
3471
2
4856
446
3261
552
98
7042
2
221
575
3674
2452
2405
6924
4679
66733
167
5420
112
89
412
8336
3522
9690
4
6594
3007
83091
28
956
4649
0
0
77
772
159
3203
3657
316
8790
5566
3533
4490
43
9367
6489
97
6553
3053
734
770
566
8326
36
9319
0
479
9621
911
9
77
6956
61
8323
9880
32938
3235
344
888
162
8
864
5988
5812
105
29
242
829
4616
3943
116
7030
4467
614
3220
14
145
470
238
95
7428
787
7649
39
4817
8183
686
91
4040
8706
979
742
799
8
8797
2
369
5572
7000
3
1
3884
1408
539
205
75
460
4
0
2989
9
8
7237
8751
923
9189
55
226
4137
5476
915
4411
3
459
10
1454
2488
5392
4302
141
5011
4981
349
6146
5211
149
6614
168
584
69
5679
5014
4474
0
3102
9637
5344
0
317
4431
7055
6
5449
7
821
4625
6386
910
7
0
8874
9945
55
8944
9134
39
7478
6083
29
6740
4692
6661
4229
723
625
691
756
5051
5
6377
8360
4234
204
7333
2541
6121
711
8540
779
8866
2175
1252
7924
7786
9053
6406
0
2427
6
3170
859
3631
83
6251
3304
769
412
7
71
287
8595
9185
845
530
1776
46
68
3165
282
1555
20
5
8864
6
835
7
7613
7
8001
3054
20
7323
257
224
181
855
952
136
292
384
2
8200
6290
5844
4800
83
2785
1600
161
6
2
9
8
3022
87
0
6
5274
2
1203
7
5007
2938
0
3
1
364
716
8505
916
629
535
148
9739
4949
8
49
5084
305
7973
5492
1597
6326
5831
392
667
414
549
1218
4
2498
3915
2
7863
2531
725
91
839
303
2
6451
770
6
22
266
3095
15
601
36
508
66542
2612
61
362
6877
7061
27
9
3918
3541
1
3
254
8145
3900
234
968
9689
2758
4737
786
8
1656
1073
7
440
382
3417
7250
123
0
465
11
687
9768
4286
186
6128
9625
391
66
4594
4
365
313
6024
3099
2
4787
7437
6170
2776
3067
11
2682
4088
301
96
7039
6124
3645
9196
9073
6673
3
3
622
59
4273
91
0
7369
4769
4
9007
7606
0
2395
2959
4248
764
62184
3280
1524
2898
5545
0
895
738
3868
3
3
1511
6134
2527
33
26270
8634
5103
68
2772
94217
358
6685
99
8146
6093
6760
9303
1156
982
7281
7778
3891
6
3494
1752
9094
91
346
9640
2014
3912
3134
3830
188
8756
9514
4568
4884
9
4642
249
672
8959
0
6187
19
534
876
509
58112
2417
2624
3
93819
8311
8322
52681
1376
85
8838
7668
2492
994
4
9846
7
237
4977
3395
8375
70
4445
166
608
6899
2379
476
4963
7542
8100
6814
4120
473
328
5
8226
6270
84479
6022
9969
5906
4263
8655
9857
6
9827
9908
7399
8755
3241
3026
873
1
58
7
304
9394
1897
5
2874
6611
2875
277
3874
7340
29
3350
5
72
2426
6335
0
4918
9
4929
87278
679
91
971
8103
7461
8046
573
879
215
110
83
2478
5018
6265
8072
580
4728
7
5948
499
431
985
3
733
351
2153
2212
1089
28
8793
7131
4784
1386
14
1084
2778
55
7108
2905
97
7590
214
9
22
51
18
8950
7255
7765
4031
6032
3842
4534
5280
8646
6630
4719
215
9264
8423
0
11
51
7112
3923
373
4873
92961
9843
0
75
2
1
355
8192
2786
62637
1926
704
5229
65
4686
7116
2475
3321
7147
1042
719
807
3333
6
2897
8477
13
6886
8
8671
593
1
4442
9198
9565
621
1693
8387
6654
639
3371
4272
7123
5
565
7032
6517
4720
5866
5996
332
3
45
17
8640
4530
578
64
55
2217
7337
56
54
764
6
561
5381
7597
6
8586
4221
36346
2486
9337
1786
6856
577
30
874
3910
8338
5
6662
656
6
70
7284
23
71958
962
830
233
2419
3929
7809
928
60576
4265
1
128
5776
771
2024
3796
6
67
5208
5364
720
6
4933
1485
6723
296
5390
163
8357
307
2284
1892
3
398
2699
8235
15
382
1554
9195
443
90949
6312
4647
7386
64725
1097
60667
1179
8077
5222
86
3720
553
533
9851
6078
4
3650
7
893
10
607
6143
338
4
1041
527
6997
13949
18
2088
6424
7076
7747
1234
560
272
4816
5670
4612
251
5723
6304
1412
3340
71
543
4342
70
510
216
1713
7470
720
9763
2629
3331
6
6104
6202
2730
2816
8150
7879
4620
5073
4051
20
1932
5065
703
6336
759
47
1613
943
2442
775
1
8161
1413
8403
180
30842
950
4595
9705
7787
172
3
4480
3537
383
1989
3508
5908
136
9949
3085
65352
41
4
4025
720
813
1743
7146
7438
291
5178
4296
2018
2870
8222
13
8
2470
6449
9560
1602
3396
8591
1182
50
9479
9904
1960
8
958
6315
6072
1481
6464
4380
0
690
4
1
889
2101
5656
8523
2867
6670
5119
3591
9508
4
2
642
8164
6762
3582
848
526
7860
6
3566
2023
83
541
0
88
4611
8098
5
796
2183
569
8154
84415
3139
0
9081
9165
5869
5966
12569
741
1885
7336
1641
8834
286
74
3801
9
252
2420
8064
41
163
42344
2357
8228
3660
34
8308
49432
3287
2351
486
7618
765
505
563
8537
519
8812
5177
8352
9906
7
4593
9369
1106
7829
658
574
9
1938
8184
7220
39
7
3982
5895
3
925
6473
35
6
3034
2795
2141
30014
47972
8
89
4841
1784
1316
7434
2625
478
76
7885
17
436
817
33
1405
4
5817
448
4158
6227
7768
2445
1095
7133
3
7871
76
6658
409
95
6034
4811
941
0
9719
34015
3059
52
8312
2257
468
5810
7024
466
938
8553
9052
16
7403
55
6563
27
760
6240
6641
82
311
7799
2942
8991
1314
924
3992
7838
15733
5262
487
5661
2861
1997
5737
2146
3341
4513
7013
4012
23
6869
6345
957
37
3730
8193
972
5902
9607
5858
9253
745
52
986
2091
8
3823
5927
641
683
70286
3208
37
227
7963
4350
4722
7
463
7700
2931
6800
2199
7887
9822
9159
1875
36
2
7836
9595
8837
50
2352
95
4028
2683
4504
372
1540
118
2714
7748
7
3231
7
9205
850
23
241
2
506
64
2576
6044
343
57
62
3684
6790
2762
68
7892
10004
76
4132
4106
1303
8770
4683
51
9
1170
60
87
7047
31898
8777
2225
1606
73681
4108
6734
542
3394
8891
2690
241
1
202
27027
2995
8086
214
5681
9566
1346
6292
19624
54611
7094
458
4912
4427
7370
70
13470
2
912
455
7639
990
2078
8913
6216
8
5233
7380
1254
4648
62
288
337
8
0
3639
7880
1459
4356
4483
3093
6158
3764
195
4193
803
3311
7563
2086
9310
7845
44049
9357
2
17279
3969
4
97
23
4
793
6330
2575
357
5931
9838
4241
7843
7757
9
406
420
1373
5
4867
3
6745
8987
6
9171
689
7
2202
13
372
5982
67
3168
96
7209
988
275
609
3602
8752
8830
9237
1098
6038
3136
5345
9087
5227
410
3867
32039
5001
814
6161
6528
9164
856
8237
4506
815
3
32
7891
2
5195
8252
96412
780
5487
3200
7
4967
7938
15
2404
2474
7776
4
2318
7929
54
8298
562
6973
3470
5788
1249
15
6287
8814
7751
4395
4230
4080
98
4996
34
6
83
94952
5860
9477
8
7497
52161
7
8863
5917
97586
3351
12
0
98
5
6653
7663
8419
3
4417
5944
7873
7821
7154
272
2364
4299
1
2497
350
9634
1061
6418
3
503
3482
1983
1803
4161
1163
3661
341
9590
798
648
1748
19
6479
7077
8
1538
4760
9
6633
374
415
8570
4046
2314
6423
6960
2
31512
2992
48
19582
6103
7420
1046
6609
8795
9481
76
41
861
8384
8515
18
484
5046
9992
5
9233
9506
3
722
0
4133
1571
633
9594
377
8
787
9402
3230
2041
5
2845
697
497
86
6731
5638
5598
996
8016
69275
1824
8
112
9
1651
7856
525
37860
5002
98
78458
4457
6572
5357
8506
3677
4086
7890
4537
5549
5
5
8210
3843
7548
6812
3283
5435
2805
3885
7
19662
2448
15253
1262
3193
1465
6860
553
5
754
89319
6932
4215
93095
2463
84358
574
3828
9350
217
36
2
29
4353
1972
69
749
353
3
8822
9283
7935
87486
1
8670
4953
1665
2589
6595
66
3964
830
5
4200
7443
7570
8
9
2788
3644
8677
5637
9591
2
27700
173
60
9535
48
8955
9013
7545
2665
6983
9309
6133
7992
4757
4850
1828
6994
1811
6872
4538
755
1064
9095
9859
20
9220
2015
5398
54465
544
2300
481
5040
8583
4231
812
7135
9624
3
34
4112
93
4
5736
2705
264
2447
2507
6057
5555
9451
811
3045
5438
2812
7816
9958
9
3937
5124
733
5745
26184
4822
6
6
87
3916
3712
1499
7430
57150
664
7551
6937
3163
7528
256
64
3962
1401
4310
3157
8117
6
1028
2739
9181
3968
3465
5151
6585
7365
4250
9755
62
944
2055
17
537
1913
37089
77081
1458
1379
5024
7
2
206
418
681
1
72
3722
4734
415
0
75
5171
9
3
4
3378
9
33527
6168
8557
3468
9925
4147
8628
25
9
6249
386
184
8366
2500
6521
8741
9784
2428
2342
9796
570
6
3451
7568
7418
5783
6888
2717
84322
1230
4776
7317
7553
15453
8691
8632
9697
7202
710
877
26688
762
2172
4125
6766
5
1263
7427
1718
5673
9476
6508
3858
4485
2289
9651
929
2855
30
1145
19901
4083
9
2185
3478
1006
8328
94995
4331
1193
3938
92392
7530
101
76902
4691
29
8206
94438
7096
359
7
92280
6663
5588
42922
1302
3372
77
32409
3074
1
6
2
3301
4399
5926
5583
2962
1
5423
4533
6081
5956
1841
7576
1
9353
44767
6996
1526
17757
9
119
7433
4382
18
9832
95505
8823
4359
4
35
2313
1823
29583
1873
5261
40102
6
2
7811
5104
9
7802
3600
5709
6865
64027
926
5152
4524
6
4960
4825
427
704
8045
3880
7
4866
90901
875
8258
23
675
1069
655
4211
1520
3904
750
8720
5
2306
426
5270
1400
8390
9398
1793
2577
3512
90558
3733
4836
9224
9209
4673
56
375
9208
3015
2909
82497
66633
5721
3278
7762
6092
5129
7988
2941
9866
7305
2922
8
1716
818
6748
35512
7
45485
1509
68
42117
73610
774
3373
6647
2009
3
424
3281
768
557
0
76860
2566
37
1585
5505
7064
7656
28
5236
4518
1876
647
7594
9312
882
171
69773
90922
6439
8342
4840
7741
9306
8249
3919
220
9889
4
2
2210
4024
6109
5
8
5846
4761
7531
1190
2467
90
6041
4461
613
421
2804
26759
8
6656
1645
32795
27771
4213
4502
77919
95390
18
81014
89017
7633
8943
7311
1295
89504
6194
7503
1
5245
8487
72132
6935
8931
0
2402
1002
6697
5356
9417
7533
99291
5
55
5417
9725
1916
8230
3441
405
12115
6578
71194
4077
4270
8971
8896
4966
85400
1195
1625
7098
32766
889
3246
6848
1024
8063
0
81
1391
766
9578
4325
3
5181
8662
2
1491
248
6
6144
245
6
6926
6
3497
549
7083
3276
913
9679
49
626
3954
9893
9
9
6743
2305
6757
9708
98336
55363
4710
3
720
595
34187
79770
7244
8689
476
7957
7666
8
7
36988
6191
6137
8400
7279
8065
4266
20486
22279
18019
56
5250
2
1354
746
3734
7
5716
4843
99565
7791
491
5592
4363
3647
4052
7564
8414
4653
221
35567
68646
97
2481
7313
4027
96
2063
3071
5646
673
3
2
60896
68
4916
1478
4
5570
4454
7095
57623
67
2770
1037
6855
35
4582
69
77791
5117
8825
7140
8177
3401
2
18
93
5991
0
0
8638
98
9
4
7801
6428
517
9781
2725
9783
6
8191
69071
81
7102
3
1016
26
95187
62
89
4041
654
5946
5779
55463
65167
5401
186
1093
492
8883
3043
9864
76089
655
58157
6385
8928
3574
2309
7512
23
803
97
7402
6491
6329
934
2109
4403
9519
1626
5675
56602
65506
109
3131
9989
9
3214
1518
3986
9638
9064
701
8665
7381
92
40199
464
6504
2134
79
4174
5267
4603
8852
2765
5892
607
21804
476
9
8370
857
6655
3337
5077
4075
6085
2735
871
8115
5033
6311
8
4501
7608
599
4047
40
8
1050
8
84863
27880
3149
15
77141
806
4570
74
6506
5560
53
7507
9540
7282
5778
4218
1666
5
7106
9709
9641
2471
3
9976
2650
56
7681
9955
12
9354
4985
5256
9891
7436
2588
1815
554
1110
1490
5825
6045
694
6296
3403
7424
4142
29291
919
79
9186
3518
2667
55
4196
8788
5803
31
9211
1
7261
4896
4662
2253
5
42326
8286
4364
5244
699
78865
6995
4320
4013
8
7526
763
55355
43
9111
79
95
7720
904
24921
94202
969
8844
21849
2678
9058
71
6684
9639
3172
8006
5459
1902
2505
40960
7983
2742
534
92374
54172
22
3466
2
32267
2936
727
6447
43
6235
3
21187
8945
9225
1695
529
19
2430
6008
427
8026
6569
6718
8415
5230
4794
54599
48
8433
950
61
4068
7684
6
9228
8009
0
1181
9362
8476
33049
9393
2067
60725
69422
592
84323
84
6664
8287
5431
5786
2169
14
93
777
8580
5325
4089
91
8361
5037
8
5097
825
3800
367
3506
904
6634
2298
121
5290
50096
49325
88
96713
2837
223
48952
6541
4758
91147
674
4792
6
4696
7936
8408
60
5172
6058
928
87
1187
54943
9005
3841
1505
99163
6472
789
4853
2121
24
5199
9240
21773
2557
5880
3050
876
5209
16730
95847
8617
8185
8425
6574
129
9100
92
9119
502
3589
6947
7
5785
4235
1
1395
5813
649
0
9000
62751
2439
2711
8372
85412
106
1944
5192
5
684
7795
59
1661
6206
725
8772
727
4050
496
15
9223
5579
2721
6150
59300
604
6603
9430
3
3775
4346
8692
90451
1664
5149
7814
78115
0
9099
151
7498
9996
7495
7899
54200
8
48836
3
41024
49
7003
49
30
3044
7
4522
5320
10
9244
6429
6
62908
71
4011
5
36707
4056
0
1671
8102
2917
6794
8910
6246
12969
8221
4789
1649
1
7328
169
432
2
4615
4459
92192
2267
52903
48
4006
8
9903
620
8612
69441
3989
3979
6530
5329
3718
9840
52
7550
3
54
9657
2615
2159
9118
8976
59954
3319
2285
984
72591
81468
2857
16
6536
7205
1911
9
74
7
8266
4571
57
2
8468
93
3402
37
9251
6064
3244
5830
9576
8168
74
236
8865
6001
5039
1460
34790
7
6
878
0
26133
1
3833
10499
3999
6
471
5075
1406
5521
7483
6
8
8574
6228
9751
51166
456
6480
4940
4282
8594
9
3176
4146
5396
28
32
8754
6934
9107
9865
9182
6
853
6129
34
4575
1292
836
5304
6
5
4443
71
765
75303
4313
897
1240
32541
4376
2779
6586
9
9290
4898
23
9696
1726
32
1479
9928
4155
4
392
2282
90
498
3123
3229
7023
5720
3909
7792
4883
6739
0
9603
6
2
4
44
0
4601
9151
6
8324
74720
2213
4228
1632
4493
33978
28871
6768
4429
95327
17525
797
7917
3
38766
2323
16
18238
8174
45504
8105
6469
4101
41
4377
2694
4437
7331
7694
2
91
2053
4961
5
1320
7853
2215
6
1231
848
8
9125
8362
662
28669
49259
3707
7
5107
9
2112
92
8270
6052
8510
31837
84928
2
1044
673
94
99380
9497
49424
9461
649
5028
1528
3
5289
4815
39391
0
6329
974
7980
57
7878
8920
4979
5696
987
794
8
1
7671
1564
3111
2637
1
4188
3461
55
4605
7081
6233
2913
4806
2835
4123
58426
8522
18
2868
8656
79604
7977
7460
3279
5916
761
337
2
1065
1634
2843
38
9501
63329
10
607
34715
5044
68322
9675
235
3031
4
618
6923
1900
38022
9
8015
7675
3
1239
2551
9614
6669
1052
63207
992
3556
485
11969
81703
2242
96584
49
18052
2642
6836
29339
621
4397
564
8685
7104
25154
3715
47
2415
78118
3188
4138
513
7195
5445
6459
68553
5366
9871
4
99207
737
3889
3115
1
16832
83959
8609
9767
49
4434
1
600
2889
5
2005
3207
322
1293
4416
6269
4948
14
7647
733
7170
18
113
3772
22
443
1552
9935
5894
2605
3967
60423
1640
7527
48
6
741
7800
61567
24
4887
61446
1138
9879
5
9
5849
6278
3
48
6230
2824
96694
149
4566
2814
1186
63312
1076
72411
1817
5
9772
7092
9464
8832
7134
3902
2847
6077
3748
479
63131
66
26576
3
99
18
59612
7197
7432
99
3789
2609
6
26851
9647
8407
6405
6977
3665
5006
59478
1552
9
1915
8418
86
5
7958
179
9616
5884
4972
4959
2619
5333
8
469
63383
83777
458
3286
800
9085
64693
1418
9077
2010
2596
1
8033
7702
1813
1772
21
4008
8773
3160
66
1967
4847
2697
1344
1083
71
323
466
1955
1087
9983
36395
5898
9
8082
8909
34258
6696
4191
2863
2460
1091
189
7827
14358
62893
530
7
8151
463
2607
9386
79
52616
9876
4656
60
44813
5402
8980
749
6936
2702
3
4433
4
1380
3
9473
6200
20
8139
563
60
9678
4713
5
72346
4404
5384
48694
6592
325
7016
59177
57861
3
9
346
5507
9985
6494
72064
10983
3363
2822
89522
3483
9340
5224
4240
60769
35707
8051
6166
3294
7710
7269
4284
9963
1951
6
3728
40732
2997
6597
118
9899
4
14
1
3974
1907
33283
5
97193
4976
4969
7905
944
9731
6343
523
5188
38306
8
8036
266
1940
81
48075
71266
2963
71158
1711
25597
4771
0
8529
90789
4
13
53458
5
4763
5534
18146
0
59981
9443
4733
3414
4650
1104
10526
2211
9329
6258
1281
6787
48950
9929
11
6976
7676
8488
26
1456
43015
9938
29
5169
5687
8411
2820
8791
2258
88450
9231
2570
4
96101
6
5954
1196
2677
26479
7
9057
9017
6623
6325
6496
8650
8439
91
8373
74293
3
6050
7734
6933
1351
243
5674
8
6624
9617
6615
2532
4
7
8887
7610
8521
16337
2741
70480
93794
37237
4573
9142
785
9030
5263
6866
684
6
3651
1361
166
47772
4544
5
22630
8840
35536
73
1331
8994
3926
1168
5099
5883
7156
5
7793
25244
4
556
7
27462
8374
891
49
54278
6778
6
6
9643
2882
9645
9206
1777
28
1215
5952
7877
7
651
7652
7919
81676
3920
55
9
50696
8939
6070
460
2
265
5391
5899
9
93704
7
72128
7
84
9089
1279
9165
2574
67320
7731
346
19136
28890
1013
1948
12113
47919
7997
6295
5977
5173
204
8480
1797
4990
4283
87
9981
2622
4489
943
209
6881
1804
8551
5465
4
3108
6117
5981
6
7557
1759
12659
256
9
5158
9762
4090
7168
5543
881
442
30
9466
42944
3156
8080
6029
9390
8654
8699
3484
495
9321
6379
1809
2
53041
3816
2031
6752
4923
2392
41101
5087
79693
8956
93354
8824
0
7752
95564
5558
9833
86
4592
61364
3623
13
1773
9136
3578
74
8862
5361
46265
2
5022
66
7303
81819
4151
5809
9378
91
2716
4
2796
84069
7
0
9605
4371
3703
82
2658
6857
8868
49
7979
7199
4175
5780
4690
3608
6409
8333
1045
6874
4039
28238
2243
6736
8187
4619
5312
9119
3619
8075
9
858
4192
1062
9023
0
9441
5
96167
8578
6675
7636
52670
7
4
79443
6784
631
99
8809
8740
8404
8227
38
7359
7459
6465
5
44
5636
296
4327
1559
1856
931
38305
5
4374
8104
988
9133
5414
5734
84088
7390
7480
586
84302
2838
4447
7806
2
1567
92494
55830
7463
92
6786
2878
5
4747
3751
4
23828
5052
1829
78
4654
6835
6180
3
1072
3271
3959
1040
88694
86901
6466
3575
43219
9404
9512
3
1244
9517
977
86358
97334
86040
8895
1411
89611
1720
4565
6444
691
2028
71849
86019
3
1152
3458
9529
7586
9219
333
5
36684
77
10414
7524
25286
69336
2
2533
66
6
8610
171
4441
1730
2984
3035
72
5311
3132
4055
23
5110
6588
2278
466
6773
52647
1880
6847
1844
34869
63
42
8089
1162
2188
2
8603
39056
9902
30671
8097
59
72185
2359
6156
9684
5418
9686
6320
0
34421
182
40377
75813
3726
31999
54873
5496
9513
4
966
6112
85994
268
8981
64375
9
7742
2911
3
1191
35504
4498
6527
38325
6
8427
33000
5805
2008
3990
8067
281
21175
8829
66599
6239
3090
2
8652
1318
3
6393
26
18
2335
6605
6148
50477
9592
7868
7602
6478
5
19438
18021
9667
27759
6591
81
8317
3525
4
3
59097
27114
6570
466
8444
8988
56689
9
8627
7175
4435
23789
8513
5096
24138
546
3233
75869
132
3638
2953
52
9858
9568
4
67727
5747
78
45365
9916
3950
1745
5738
29
449
15048
7857
75
41107
2456
9407
4962
0
0
65
91225
9273
5973
2422
3
2105
4
6536
60351
62351
37492
1044
7194
61474
9732
4156
6205
738
5547
3
322
48545
2920
6267
1
5157
1566
6
8453
8
6
9243
9065
9
5131
28
3473
3338
8581
648
9372
281
3934
6372
41073
89588
4889
961
914
8
99
5260
1963
1464
85289
4257
1
2999
3613
71845
6
7565
50
4343
61
594
6918
49
9896
53123
32
4117
1357
6
3
8
4
4
9222
4253
206
1
26954
5868
87382
23046
9952
0
65866
53978
1998
2416
41408
4267
44
54
6827
3993
222
4477
86
53287
663
48466
1489
6916
24908
86
9939
2538
4
8
9011
30
6
1924
46
477
98036
1290
8143
17
9
6229
6518
9083
4038
2127
5705
20569
7325
22
69380
2580
2464
7462
1
11339
608
5265
8126
3663
6
3
1199
7138
36078
8189
68496
74817
93549
11665
2085
9504
8979
35808
8564
47708
35
7469
7167
3847
1010
1171
7735
4095
22025
3832
36801
0
10
29279
2825
8615
9828
2567
9724
475
9423
4472
7697
74
26449
3743
970
56
44
1842
49352
1709
10270
5416
4190
9308
1
3318
3088
8033
7574
8
8019
6618
3248
66
25750
3882
1325
1764
3988
3846
5984
7940
8572
8737
1843
3
6167
3462
1954
63468
1164
145
1588
7
3837
56
7975
67
1109
9262
3825
3011
7875
93031
75855
24938
76
13
83
6238
685
4415
3930
6305
98
6584
8996
7050
10
7335
2601
4396
77725
3738
6396
7109
56468
8458
3873
148
5408
6705
7397
72735
300
8530
35634
82
4560
56189
3806
5020
8919
7750
2669
3562
8069
1407
8764
4091
9079
50
7273
60963
16210
4252
24048
3907
8923
23
3581
4453
80929
2
9296
80314
1129
2386
9229
6417
4750
3777
8494
9
7
7895
70495
7689
37920
27
4338
2731
1452
4778
69749
8886
9584
99359
9818
488
9275
8545
2017
1009
3710
53836
5514
8723
94
8781
6
3984
85709
632
6
5
139
4460
2469
29073
72068
5790
3495
1438
7414
89907
6
54026
5440
2828
1200
9183
3939
76
4868
3
39172
67752
6086
5469
385
62778
33831
10510
4835
1837
6333
1173
5461
1470
2982
3905
98190
5795
5539
7254
7035
143
8543
9104
2873
18569
1587
7914
3898
5141
46990
93824
0
213
5907
63062
2148
5
4127
3196
41421
8
8368
588
7200
4630
3834
28369
40
64120
75963
7943
90822
9665
20532
26393
1917
9179
2
25509
9422
8716
1679
4446
2187
3391
519
3583
84378
8507
7137
5478
3398
62706
4
7267
99583
1005
8355
5324
30176
3439
7225
946
716
1
5126
10184
10869
47844
7182
0
9318
8
7
6
7405
4249
48959
992
9401
8
7
0
5
90511
14316
7002
693
44034
5483
4689
2
6961
24085
1432
6
2443
50
9
167
56
92
2578
937
9711
6547
4
7660
5375
4182
1
6943
526
49662
90
96
5217
9115
78
9823
6
27
90708
528
7722
4655
5
8307
344
904
49663
657
551
8437
1529
2751
1574
4971
7308
3219
4600
9491
3290
1306
6775
70932
81
48742
8
1060
42
486
3744
951
2145
5524
95668
428
1830
1680
33381
2558
4368
30141
320
4577
18
30801
40393
86097
9326
2324
72015
1347
5068
7115
54876
8516
8254
373
3871
1
54270
85638
7242
922
2737
2
8884
33156
34
3678
46058
75417
4536
2
88729
9289
2542
730
9049
8952
1323
9088
3442
1721
3693
2
1
66
98351
2871
6715
3
8138
3821
0
2353
80909
60
1175
8399
8420
4065
331
64775
694
72982
18124
95285
6028
9894
41959
49
26
94652
53818
4643
5113
24502
2
42
3520
556
8429
20
2162
3514
55176
8949
25
7858
53710
363
62131
8232
6540
1756
37
78374
1692
2
7271
43665
96533
5594
2407
3
0
46602
82
19280
5071
2883
8010
7766
8215
76601
8645
3256
6349
93
5484
1327
96958
9885
27806
8329
2674
1580
103
700
1755
953
29364
9403
4271
1812
9112
8559
3666
22726
48593
9878
3423
7173
6
51484
1807
36466
6
60
97
41590
5655
6376
35520
2550
4804
5754
0
1523
62404
5
8156
1266
2757
95011
47870
6688
37741
322
7148
2518
29710
9499
266
4
2006
5582
855
2315
5248
8134
1798
1269
25487
7952
5833
4890
7513
9
6152
8452
66
938
4879
1
7683
30189
99492
7506
3041
6
5
36778
14098
92076
5657
5339
5123
6910
6952
1165
6566
94593
79
0
421
2414
2
379
6929
8
35747
5
9
2802
6774
11315
4260
16728
5
2513
9597
8678
7
0
3146
4529
350
471
7
5
2524
4925
7
48
1771
74996
8182
2
5894
2848
3086
7374
344
5715
1615
2106
10093
5923
0
579
84
30588
82
67062
5285
6513
23781
4030
87326
3024
19057
3480
2228
2310
8135
8803
1307
50419
33932
1572
5
6
2781
8350
2598
29221
849
10543
47909
9688
5493
23684
97
9564
80
69
6
44
465
84446
3536
3027
744
7316
32
6591
7544
25878
2926
9317
9990
8035
7864
4814
6294
5
6164
8463
2949
5383
33660
8733
40945
62596
8660
6
1
0
7058
90565
9988
59769
633
4289
1
1545
6980
9416
3
64807
49689
4413
3750
266
8176
93
61
4738
5277
3838
1
1
26872
2
1356
37800
2
9
3863
224
7
1934
3269
40087
8007
687
2479
3300
214
350
42
8
95721
1617
6371
8460
5525
849
3433
67
5136
80869
71
8
8983
8786
8747
420
8356
8212
3213
5629
482
81021
15
5160
6557
836
22426
3903
6095
6651
5544
1652
30
1004
9
6803
0
8800
8205
37638
15498
2885
27842
7038
7400
84663
6596
2709
9815
94
50354
3593
80175
3643
10915
5197
5362
2841
5732
9482
13181
1268
7157
97046
5394
93546
4233
3983
1381
9825
7906
48351
9047
3455
9813
7515
8759
2295
9425
6859
5767
9397
1
21
3216
7758
86962
94
92
39767
5491
6659
4308
4381
85312
9793
6
59017
6398
2083
49
4646
754
3077
2520
428
1105
77061
5
3186
1275
2450
916
3
3324
46
4178
539
6
6174
6
5985
65313
5297
63246
35815
27
7984
97
88412
54555
26164
54288
6532
1728
3312
39297
3760
4
36483
8231
9615
5
7347
30
31
5382
4298
2
7346
2126
6722
91
7351
813
46725
54581
8023
9816
9
21212
9437
44
9207
5515
4405
51
9442
8503
73496
14871
56945
1349
365
4650
5
8782
75413
96032
1071
7922
820
7
10
389
9449
8969
9389
25736
1
10961
4614
1658
644
853
8030
1
1112
67522
9
92629
932
22847
6253
3627
42
5542
3689
8767
37315
8942
4337
66918
9305
9427
2
480
47759
85
55394
129
6361
9523
87631
75235
4
9666
7999
9
8657
2370
71760
11427
6914
3620
84
69
54896
259
75113
4677
5176
26
7
84476
13
5763
33
5142
444
1428
9877
18
8290
19
7763
2003
878
8457
80240
122
49
6348
5731
76797
5682
908
98866
5485
18
41027
36170
3994
9320
364
93
80293
8247
9351
5387
55
1910
19521
1330
8845
2
8974
3103
2310
1590
0
7939
23788
42
7760
22922
12
6833
209
7835
2686
78065
3296
8
4262
1557
636516
8
9
214
859
5
83
12
63780
6879
7
9288
3477
9
2204
451
870
8291
7243
3
45752
2519
9184
22683
74
3120
9258
0
8579
9820
233
9536
3
270
37
683
5610
534
70199
14450
8
92820
1036
49483
5288
581
77175
6389
976
83711
9900
4
6583
40
14
5140
54310
636
17
2544
7465
5240
9683
8742
94514
9066
6042
1136
9712
80
1103
20799
4549
9
49
6445
87364
4624
5332
8
565
9
9
0
4274
754
45
3
6579
946
7110
3866
1420
8
37453
0
4660
3047
6340
1510
4910
2720
5749
1019
93100
8700
3
9745
9668
9869
3171
9673
9035
8259
6201
60
5590
36012
2744
4
8624
213
2377
1043
33509
3876
5155
0
3258
91
67234
3454
1465
9
7292
38
3065
2032
57977
6412
7655
4510
98452
5138
44
9019
49
7514
5792
74175
6203
7
68805
89
49526
3845
1
30732
6817
5983
54
26
46802
3652
95029
9
9940
16
979
6981
1047
6816
44886
46
3784
5739
8637
1763
9950
8141
6660
2123
7139
42970
8061
8713
3813
4358
3713
337
6
8518
6215
71
94874
26402
748
112
1947
8728
1341
2970
6758
2728
2618
8440
7693
2494
8525
4393
28001
79491
65879
6871
8802
4857
6627
1090
4
79
9648
6
1827
3614
794
3382
3687
5112
8511
6806
8571
35239
9
78664
32515
21293
13
9704
702
4622
6462
65
3309
62
3094
3596
5953
3353
2
676
4255
42
6
1787
0
7698
59531
72779
878
2219
5234
22228
34
9970
21
67211
4849
9
87
587
89182
5488
25047
4
1861
7859
49544
969
6
10593
8528
68533
9010
4828
3549
78715
29
43624
5852
6613
5538
42633
1629
8111
7582
8136
88153
4
21
4503
99193
1675
9323
955
2354
6352
8
19886
27231
3949
8
5327
670
393
56552
4
749
3951
3277
88706
64
76217
44420
5
76453
4
28
32
83937
9377
2
83
5
8
5750
6035
8870
44421
37311
8305
5
42
6237
823
5614
3037
76024
2387
21092
8811
185
1
38055
1477
85
5084
22
9
3634
45682
84561
9610
8995
89
12
41210
2334
98742
9773
7699
82075
69
141
3719
949
58
4496
7151
0
6810
7169
54089
79186
7
5802
7928
2973
315
9436
4152
14
4930
7342
1371
3152
82259
20
7307
9311
2061
28097
69966
3530
79296
560
4400
36222
7216
3648
90
9486
6220
2094
982
3671
5517
6610
9033
2
89514
1882
7300
59706
0
60
4829
9814
9807
67303
50825
309
8
5458
140
105
1576
37026
16125
9211
27443
5928
75
86
16231
2846
872
3195
394
7
7089
36
9347
9263
432
6694
6013
307
13
4060
8327
4258
3204
0
39396
7779
925
48264
3782
9147
15033
5415
5580
622
87817
8295
92127
8
1794
2095
194
13122
2627
10373
63071
1362
77
81
20823
50708
0
84
4165
761
845
89916
4144
2
649
6849
31053
31
71857
4563
90755
2840
38865
44
90
120
2966
8
3737
124
99115
9026
717
58010
347
50
8647
9
6139
5649
1779
8674
4
4687
2
6550
1310
2292
6931
5919
9411
90056
2954
83
4
38498
1625
4014
10396
8875
79702
6846
8396
2349
93572
137472
9541
5914
75223
4
3
1
9999
4950
1155
3362
9268
7262
25654
5219
3881
8181
7019
7867
943
822
6125
64093
12728
38551
40755
86
44501
9764
6039
9
37675
9644
1715
95
8186
54530
4464
1238
4674
5026
3811
2192
3297
79760
3914
72741
6732
53384
8034
2200
2672
2191
76615
5708
4180
9750
4
5688
2660
3158
1950
8358
40000
54301
6
4389
42578
46598
26765
3
76037
58340
63
8985
52995
165
7407
10
10
69047
8289
5
0
52
1392
1308
2593
8367
6
23735
13
9986
8857
37055
81016
59334
42
6448
2853
83080
44888
9580
4917
41039
55944
4511
67808
8899
57098
6612
86
6138
3851
5
0
33
35
8
7145
1343
5127
2431
99602
508
83913
55
86055
14
4121
86805
7726
3424
8703
39274
95330
68110
4
2891
8
54
59999
9875
8679
326
4128
5949
11919
747
306
89467
9754
1805
7046
8325
1577
6735
8680
79730
8095
84
9097
12
7
939
964
3
79
9396
8765
9178
641
27444
41
14501
26
223
422
5247
13119
3446
1108
62
8726
5820
3
7491
73112
6145
97593
9785
8588
32355
430
4
81721
71715
85953
76816
15349
3270
81
5955
1141
1534
87633
3709
9979
7
32455
26
67393
7297
2
89205
4293
4390
7091
13306
28
4422
361
73930
38136
3384
5586
7
39109
56337
41089
2
583
7103
44552
7925
58
5
9325
2
3073
6114
1
92257
6149
4418
4
37
32668
6273
67775
1584
2692
39460
30504
53031
4181
80706
6276
14847
4226
88247
37085
2993
9428
1969
5422
10112
0
42
7
6963
13310
322
17656
30819
4928
68908
41
3
33
11
9027
27470
97
2663
8421
9897
79
24650
1
45864
5486
54910
2508
8972
1
58074
96564
8248
9766
167
2011
2934
6347
36
6915
3965
525
6
98
8435
5848
946
726
3558
9
55172
4680
85361
3724
2713
1150
5
7945
8137
51491
9155
1
8
4251
8636
7
5932
4126
1414
20
94371
9140
41416
35
4869
5450
6283
616
40
41
2166
2695
1719
5409
0
3148
68396
1081
20299
252
2687
59034
7022
59
58015
3869
2070
1802
7354
9468
7
7525
8436
7
40265
4909
74518
1148
3063
1669
9360
85181
26078
795
7
96979
9765
13
9887
29729
418
5850
4606
638
1455
72659
80865
1749
4692
5837
6966
1502
8749
84168
52
7342
7132
34926
40887
1255
1877
5078
3515
7696
40597
3164
1
9
15
9429
6643
8717
4941
4347
7264
60690
39858
4803
633
3327
3517
4908
8250
3976
7144
4122
6545
88
9232
11
7536
67034
234
9
6
9795
99952
5765
7152
87737
6383
3642
1
22464
22
7353
8688
30033
346
2914
5
8363
67351
8150
25185
66945
2138
7951
8762
9301
7657
1754
76375
82244
4881
73362
14621
14457
8
77623
6212
32
4712
7566
3083
98219
9400
26907
88666
43417
38460
61061
5561
6753
4448
31
5939
50726
5452
277
17015
1980
235
89
33824
6863
3
33251
1667
41142
8
78
9
9193
2
68598
7044
7179
5702
8054
26
7
3432
59279
6974
5
81828
5845
3055
9021
6516
96
1483
1
4
88270
1206
7920
4698
1426
3097
811
3356
29
11
9
0
12453
194
2111
6602
1644
9
0
428
6119
64158
5632
27
1235
91848
61448
3584
95
5060
94259
90533
75533
49280
9
13816
46695
2790
8509
6985
95602
78921
9
51
6502
69622
7196
154
872
96
66
700
4
27148
97
1117
58884
9314
3814
40883
6691
1744
9154
99
4639
7020
4
2493
6793
6
231
8544
3465
7088
17170
8288
7
97533
0
45205
45204
6951
50862
4526
47158
5464
8744
7986
4456
24546
7
95543
2477
91673
450
14
12629
2406
77076
1643
0
3444
80
8
3
1968
63206
33
7065
7299
80226
37433
35
3202
9116
490
2198
5881
9910
26
4118
1
2591
53355
84745
1560
11690
57323
9188
48438
9701
61601
24833
23978
69759
759
67206
205
5
82
7450
74
6391
124
5606
50426
921
95
6178
7665
5841
17546
45194
214
5562
8964
9994
7603
1
4264
77991
6811
989
2937
5589
27
6060
40
2
8927
8122
4807
8170
78518
36784
8876
16
65686
5877
3529
5017
560
25708
63146
17603
30226
7579
0
51241
6272
5
5601
5
1
7894
2
50217
55
1
22273
44684
7066
6074
61
69094
95
12861
1831
21948
3
62969
6
83
7
49651
5101
18069
96342
3840
27
12042
4207
30837
63339
24504
7819
1539
80313
68312
1708
11
82480
12516
95342
7598
4921
35693
2669
71482
3369
76690
3708
6217
3058
5162
6281
5773
8512
30058
6728
64953
54
429
1697
3854
746
1134
14
707
53051
22520
8
1678
8900
2131
88860
76
6999
24
2
4344
1350
721
62260
821
2346
79018
4064
85483
89188
7188
97040
34
4402
77
57084
24
81712
7785
4820
1791
8538
8827
5761
2736
40466
4379
32220
9720
90
33370
31079
2271
8252
1143
1178
1775
2360
7
7410
37630
8587
16500
33820
52
82
61
1245
9812
659
7796
670
1519
7981
49
838
5591
7485
8496
9
280
2
61029
4387
466793
1
5758
70957
5636
32234
4314
17287
78122
919
5623
1855
73
6706
645
54
94
3
29182
9
25816
37
5
30365
93641
2
58996
5
6890
9995
49377
1901
7505
5194
673
1434
3
9805
56065
15032
7
7
11619
2
16
17
65936
52217
77064
5784
7780
1832
9746
62066
5
2
7
3368
6
3298
8389
7151
36203
66106
7930
83175
7674
88030
3
7634
18767
5
4514
804
9528
5504
51487
4557
0
37913
42716
45
4
675
4892
3769
6
907
8
55
1
7285
1
51
2297
73785
3198
9480
67133
6744
3438
4588
6069
7756
44455
705
8757
8651
89913
10
73403
2
52050
9149
5847
215
4057
61046
6284
7356
79027
67540
34
5
9
316
3936
3864
5663
49329
1140
9
707
5600
6011
72302
36602
687
6
3
4755
0
21387
5821
19465
480
3182
36693
5252
24457
7192
16
98972
50503
7040
58287
3107
4073
5711
67183
1484
4699
39785
48181
2783
6707
6
39
7874
703
960
3925
67
5360
7425
5
2164
86492
6
36138
6544
6
3955
4507
60
38
5509
8526
4329
814
94042
4323
469
7012
1739
14
7713
79946
6369
9741
59855
1672
4
12770
34816
8735
7797
3697
5243
70589
60045
9366
63229
9
41719
44303
54921
3770
1941
69553
303
27221
8
6978
7728
34469
8
9114
30043
8531
5
3960
8
9158
2490
6665
9385
5202
57
75343
543
75217
4947
1765
9942
1
165
96537
5875
7688
6642
6274
68314
7869
31025
2670
83758
126
7187
2423
41
5993
97
88782
5518
6431
85
739
48419
206
2555
8
12
1838
98632
46
73
21247
5354
6263
3411
899
826
6426
38064
8124
83909
77569
4591
2614
6704
96451
48182
10599
86481
1
1233
2
6666
7375
1558
1971
1850
69880
75
11554
51230
6631
32139
8267
9234
1886
962
49185
5
7782
3628
75101
860
134
29068
6319
9161
73855
8626
33
20916
85896
219
2012
3
6669
3656
27936
4942
9424
12
603
56856
72804
69
3
2986
990
1278
81
752
3
5365
54
5701
9014
6998
5
50514
758
4548
3328
0
8
32706
82432
83698
6984
3
8
3963
933
390
2193
7352
1994
9
66
7631
41819
5694
35411
34999
5490
8078
4525
39
279
48023
6
44402
5494
69002
7962
91136
3143
2089
4876
8393
15263
41221
7
64433
7
99136
8
2
3859
6852
44334
5255
52
43122
84159
3895
6298
8858
36177
27168
55347
0
223
4663
85613
89614
26
2671
9923
4017
4064
25072
33792
93073
73410
6832
1082
6452
45587
2348
80643
6535
31
1870
24
91
4717
7074
7
18764
6
61444
4259
32
391
60885
6
53501
74671
3122
0
793
67
6607
85
22164
942
2294
54
37946
6242
6844
162
40698
53316
9918
1184
4751
2573
7227
46258
1795
72232
759
8977
49892
7789
8914
267
3187
820
21148
29636
1172
95477
14821
20
4183
55517
64447
674
9826
306
27709
7777
7718
50373
5967
47160
4243
14873
4049
8217
3306
4968
9068
2256
3223
4735
992
76215
9247
23
40382
4307
4904
3958
54
2249
6410
55232
1469
66416
32
7521
84421
5
47977
3852
0
6
31598
92290
686
7150
4975
40832
45
8885
8998
9
7445
2365
3
8213
3701
30536
11030
6944
5041
19865
1916
8968
57109
7591
76747
6
8392
9050
7510
3957
60
803
1
9539
9060
1300
361
69728
21
56596
1107
1958
3184
4
11
5116
20937
54
2303
1981
3546
66
8013
419
64885
40
2075
53221
95514
75584
70273
69310
3567
51926
67
4375
87981
18664
10391
492
49633
45620
7812
79
2044
4
1769
8277
6620
5
3
4475
2666
3257
63508
15853
30438
50893
2957
1
0
9004
1
6742
357
8268
15557
1493
961
71185
91719
4742
39
6416
8675
5710
2216
4520
50007
5448
2850
30
5005
29948
6
4001
5154
6578
4781
29
8915
61
96497
37943
8710
8430
3181
1355
9947
93532
65981
7
1704
36
86734
7288
2144
38
9951
6140
89735
51651
3547
7
52538
8123
96932
5940
22305
76467
75
94
2764
26034
33
897
67
34988
84
8318
75534
9465
20158
728
34
35
9016
6075
4451
87551
9516
7944
30874
95
661
8888
566
1982
8406
9964
610
80856
76306
76905
3320
1
2137
202
51
1273
506
9802
5083
3553
669
56411
9
12467
5887
7907
66879
2398
6514
9180
2041
6702
5978
84604
93
70853
5318
5
17123
1057
4980
5118
299
78
5254
27528
1
4809
44
6
821
75
585
3792
42
2
37
99911
73441
7406
10404
7363
753
1992
13
19965
54804
71
76316
97
3877
7289
7
38156
71674
289
73542
6
6259
1294
8818
6498
9799
4891
31230
70195
5472
8
6911
1627
7484
86326
56
7
3308
3
5631
6068
8243
3060
7893
4492
2854
71039
6699
3289
72252
15467
4
9706
91276
67782
55466
47956
2409
31581
1274
8715
73591
7093
7743
12
21822
5209
1
53544
3
9927
4037
90961
366
5218
17175
69207
527
63556
910
19745
38648
55070
9674
8484
1039
88914
39378
757
86357
660
9734
5662
9569
3
71828
2888
9936
87359
9374
6720
9575
3
62
34726
33605
31975
31971
59216
7605
5373
90176
4858
2408
49904
974
21748
3
8497
5401
66333
8
9703
80300
58052
5204
66817
8842
28671
5
9753
27106
90398
77372
7120
2626
65904
64611
468
3
12254
6
9749
52245
7
91
23152
8936
62838
88545
7692
26994
0
1933
31307
5
7124
4085
5489
0
3205
3919
88887
8
96235
2
2178
6905
1785
91574
264
11783
9503
2944
2090
6
33799
51735
82027
410
84161
11336
4819
68298
31702
5460
5235
69
88966
11547
9740
453
8303
2
9028
84666
84620
7193
1276
74557
61979
1049
2
125
6681
81472
3754
1423
4528
63828
118
324
11695
80024
89923
5232
97418
816
24167
1698
5602
74737
7807
52
57460
83110
67879
15906
3254
97105
36021
8649
6804
74344
2813
2157
37
52740
6821
9101
5347
7362
7950
839
8242
71685
258
4790
3128
7
3285
7633
5743
1
3237
1614
91482
3381
5299
9020
6941
44861
5
17
8447
7327
5777
753
8536
5698
26150
42848
50573
57
83
9166
311
3330
4919
99693
5466
7589
23893
6
7764
6711
41866
9062
21
73878
2416
70226
50648
34
569
297
8320
7
3
7653
3
8704
3997
6224
4130
5351
506
27788
5578
77327
43
2
1
5
64395
6958
1352
5
6
81848
2
1
52114
7
846
41828
1
9015
1222
3640
29
5163
33239
40610
81367
268
75917
2016
265
9409
4782
4
78591
54600
18712
96233
6300
770
3625
8380
992
2
6635
79005
58486
49156
65
11020
23114
9032
5
805
5526
29308
63321
2328
92683
27115
45
12050
5634
388
9
66
72947
4440
8
56221
23001
8621
49655
8144
9630
54098
51
15997
44
8810
57104
60
42
5125
7889
0
2220
447
93595
57325
609
7537
3416
930
74470
5287
4839
605604
1612
96483
95766
3559
9601
9623
95042
45209
5666
4195
4746
9695
90065
8
65913
9585
56008
26
83137
80
8686
39
10316
79990
1
6
1991
2732
7486
36
17619
89
51
1790
53711
85816
80
0
1439
3940
80
62
4785
80483
8
9507
6179
9
6554
5935
73993
578
6289
9680
9650
44502
5962
34243
2528
19345
5057
5
4
75754
129
59
1
1937
8
9
1467
8299
9790
293
7384
4
2569
54227
42152
4170
33721
4609
7452
41451
209
8
62445
5925
2613
12119
662
470
2
35146
19
55
3180
9606
1488
7941
84
35
386
24
91372
1
81304
23128
3
1242
30225
80675
968
25839
3545
9132
69160
96455
9332
30770
6598
85465
49
3879
42844
5597
6160
60020
81525
1738
84
88522
8986
64
628
4205
122
26079
16
44668
15044
8
93565
4808
596
8047
7366
6464
7309
68217
24
88598
8604
120
6854
5063
7477
2506
22814
9901
6577
44
26233
8
7769
46677
67326
77039
13415
5
92990
1188
2388
87032
43299
44387
9810
20276
44931
6754
21470
13039
44583
2375
47540
6189
36
5378
45447
4602
5441
6048
4
15218
6432
68608
21731
5855
12763
9489
4
7670
80
36
1
6126
98054
1
1480
7479
4
200
3635
1472
33123
5569
7508
71684
64
1296
66970
3731
85056
59
500
8
44
4555
35370
86930
5
30868
96750
8118
8
4036
7847
3850
53
54
13023
94632
2119
3931
1780
90851
37791
618
589352
34752
1758
39709
1920
0
27557
99013
8605
7628
564
1495
3119
81793
198
80
10272
4697
3598
2021
80272
87
572
6005
1094
21
6453
3669
64
2775
79841
53550
71557
9682
5397
9153
78
157
1905
44
391
9892
84
58
55868
1101
1881
8283
91
3490
2389
9175
30101
4848
8
7037
402
131
80977
9551
62375
10998
34226
56035
69375
4
7033
86757
13
8369
27
468
2
927
6822
61
9122
0
70505
4306
9324
7972
17311
43330
746
0
24
3008
27
1286
96
834
71756
92858
1033
2
3
58903
8905
2879
3510
94571
8467
93751
44461
5929
3
17143
109
7881
7701
12617
49
74
2436
18
3664
10917
8171
21649
1702
56
5379
2
2033
816
2482
77746
35759
21562
9273
396
42
7640
8787
8220
99934
99
9474
45468
43437
68
61828
98713
22856
5909
8978
2946
3543
54768
92259
77380
6105
1616
1746
848
5159
6286
2296
12139
255
2529
4704
7679
6990
99622
8
682
4428
3408
33091
95358
11664
78586
36030
4661
89584
9034
71115
7241
3
22275
14
1311
18350
68500
412
7651
84108
77728
2730
6649
9075
51912
8839
23879
7738
1078
9356
1
11986
4844
6862
1
3690
6222
61623
25540
220
2
4739
62
1
390
1482
8
18528
23758
37579
8
74043
6049
66
9965
22654
4209
6
487
7913
71389
9448
43534
18247
54143
7455
628
19484
70262
6499
80
26344
2
89402
40
5911
3384
57658
6339
2167
14432
1
45
6028
914
87677
4312
2
5
35
5541
47600
32065
88682
7
68387
582
35208
52188
1151
510
7174
6558
6779
7788
35
51978
8194
4644
30117
7826
77190
4
63820
30641
9987
58
73244
3262
3361
80116
4098
7
17649
179
82733
4
548
6245
7319
880
724
74422
96888
44484
13289
47
90157
2291
61
7
51662
4681
77837
9633
1903
5074
97
3240
1650
4131
90169
20182
4880
4
95329
43539
63117
84059
68057
75409
9370
11
61083
4703
880
56412
4458
71664
71
41
30429
58
647
8382
79756
87069
6214
78
9888
2380
57802
3603
4419
60901
876
2693
78695
3659
3
57040
5
73
9839
6917
38034
6318
79903
3210
16307
26690
47988
79797
7382
2644
0
525
1147
4384
39
5
5815
15
425
73004
2
2881
2270
35975
7249
47553
5
7067
28796
620
141859
8618
548
97695
1928
38119
23936
4754
94
18508
375
70222
343
7185
20574
7
4
3243
39768
718502
85
63
310
5391
95859
13
156
72574
5184
95
87
6692
94168
4995
12722
16030
4658
2174
66132
6059
3335
82769
73539
1578
25
70
7
86035
203
5216
5010
82156
26
5957
0
7293
8
89
4832
800
51349
9117
5403
60946
7399
1378
2892
8683
72545
4852
42
99307
2339
3
98819
52813
90930
8
27900
2803
98
1825
3951
2329
15869
64892
4
24
4
1731
90790
11927
1415
0
56645
15881
41355
1
3499
60
4893
52
4388
3189
1
29749
30221
5913
8
1
45432
49348
3449
1
1701
349
5599
2034
82786
5
75822
625
4670
62516
3611
1
1879
625
63
64377
15
36
6394
701
9
912
16778
2958
347
85105
57229
22293
73301
8112
50967
7571
4641
83117
1548
249
95137
1
9
15
98422
8
8973
1430
5683
9582
1
45779
38621
86850
1908
57226
26516
32287
4
9
96611
6399
52852
71539
36
85
67
7052
130
45896
6
6887
9
77067
8
58
59360
8175
37
1
12087
90222
99096
66
5
318
58720
53764
10
16
31311
23217
2317
4470
9707
31436
6344
3487
59
361
7008
43541
75327
7
8582
8127
0
4926
98
4
4167
73
21795
4
43187
2827
59528
4466
65135
2
6198
5025
1748
11662
7611
79774
4020
4823
39849
8
2081
96939
1508
53511
1034
9045
7
40
9775
9080
60223
47348
2
61400
7
2307
54641
9
14217
72364
7368
6425
9716
5876
9752
3474
95194
2065
408
69517
8502
5268
56464
52558
33070
8070
28247
84156
1284
6
46
26636
80565
86789
8879
0
35452
82260
55
21583
305
8240
72
30781
7823
525
4559
12535
86736
9405
4987
68156
1261
4596
3
5865
2688
2079
6101
1605
6870
23821
8
10394
19300
46658
9
6
49707
7767
1
59037
7
84755
73946
75
7569
25590
74880
102
39
9108
5616
49829
3
552
55641
9506
564
3
8
16
5
6565
3422
5
4802
1961
1496
6878
9555
1365
1821
90
91
4227
8294
181
21
4517
786
7774
83633
42
8821
3971
9274
76
4303
8292
95046
2977
5369
82087
68
89
8257
2656
59
21335
75688
31005
9733
39083
21581
91656
49148
29414
1
5317
2232
3039
21161
93
6992
33
5
30190
271
86
7914
91
1808
81751
99608
18
61
7805
68051
2363
2066
4
6809
220
7411
60348
407
420
0
1530
49472
5575
3192
6919
5824
88208
3621
5213
5009
7593
18823
17
40
64
2858
45584
46543
60289
89019
3609
7
9033
4932
55138
94968
2836
1
4993
5393
6356
66
51064
395
7733
8
34
4256
4287
11426
4
2361
1921
1208
97387
44816
6896
5
36587
7
62876
4
69500
1154
65698
1822
80457
12726
89117
3826
4366
92234
54
47805
8
421
7809
30717
6073
9
1546
6154
8500
61887
302
8
95
83
8365
765
3
7
9382
63955
7071
7709
585
7
3493
59716
9
5531
7
73029
5654
11947
71426
68
4
4
30689
74779
10588
70005
594
6199
24540
835
9702
91768
2685
15814
41831
39745
1
876
5170
4586
4455
9677
6
482
0
1
73699
93468
28
99908
64168
68582
83
9534
2651
71642
8465
11213
373
6982
32226
7855
7753
6262
2
51465
5413
96058
9235
9046
1999
88
5451
1157
1819
4
61668
62312
3
7996
24771
2
18375
7820
6
30470
96496
2928
63863
91
240
68
19363
2921
65776
6
8730
78
1
74065
564
95
9608
4512
2832
4752
5554
5974
39827
98
9
6538
59185
51856
3029
31040
4748
25
415
54
96
4604
93
7623
13634
76525
4902
4984
21668
3626
45
80796
6054
93244
4
0
98960
7322
8614
6907
8188
59882
4581
97
78677
56814
1
79
48119
383
1736
4862
74003
54990
82321
356
44088
8
3087
70587
45975
9291
90
31910
1003
45649
6621
31495
95556
63657
87053
44871
2620
7440
927
39458
6113
4466
46872
8607
8560
2114
858
4405
7870
9997
5730
9277
91
11752
92866
43189
73986
84794
2037
9604
6055
5220
3893
1122
4627
61855
4
6244
79478
2864
8090
5
1760
7585
778
464
3042
4965
22
8
54216
7993
88152
9748
31000
1705
7481
321
67753
5030
9022
5008
1
17390
7158
75427
1872
27469
1443
50926
5915
43594
4
9
60791
8542
1867
5794
4082
4812
68044
44972
2314
5857
51817
3032
2336
8337
63
45
23
5618
51303
9
4707
71283
5584
5520
2562
3
5013
49
37006
2099
87284
7783
5201
31218
59321
4664
86610
1
9285
5004
2652
6067
725
57110
53420
4185
98
7
60
5500
17
2621
2401
93
44388
6056
48254
40459
2290
4671
7246
3548
315
37
79569
419
9598
86
15426
684
78549
69066
85
102
23353
1569
79880
6
4244
73124
1174
75871
7
46
2
46
5871
70654
55333
0
163
27537
46744
52381
0
15154
91293
7549
4564
29
7297
20620
6699
2468
7985
6837
20508
6829
61809
13113
7388
5797
366
43901
43041
7233
55126
0
4
22166
69
538
42521
3946
52153
8946
472
40446
49
47
9631
83536
8304
7105
1681
77606
94
9612
40646
3871
4000
5108
2087
3856
9520
2284
7107
796
50521
71419
3147
1622
55208
58105
90814
83
99190
7949
8736
7755
5901
9533
93356
70955
5410
18841
5563
1399
9
9515
355
1312
2245
5910
67561
0
12008
795
6
9736
81035
35416
30976
571
4572
38860
67814
49754
4198
66444
98387
41750
4438
5036
50911
81023
13
5447
1298
4
40492
245
5249
14066
8255
15
47
9574
9991
5334
71394
9399
19507
3069
7162
8601
4100
9538
90013
49610
43046
9
36448
8
571
546
781
14898
3
8261
4
3897
4
99884
64460
9
9561
62822
1416
2
87944
8652
2451
74537
50624
786262
98073
89538
5632
28574
37788
9
6868
39043
38611
4473
35
2194
9849
724
22600
1891
0
78587
39242
64154
82142
2568
73711
4907
25517
96625
9365
51325
2608
95973
6395
600
7968
9919
90792
1945
27269
4791
7
7361
13825
1130
7222
855
6622
60514
8631
7734
6
8989
73068
4
7028
8257
1474
6063
2833
5567
41441
1895
7926
70818
72608
30611
2206
7933
9692
3894
76123
49983
1309
3767
9344
2
5533
0
8
130371
7
7664
60925
60924
0
43568
29708
96915
4562
19146
63642
6
5143
390
91216
75
8343
4882
2877
7413
1871
84
5
67548
7502
9433
6
52937
5986
361
7942
50631
6197
61
86393
8760
63777
40
36944
1853
2
3649
99698
25
75
9
4204
64887
589
60148
7473
6939
98
19768
49464
414
2
69
29121
41853
3
3130
19
71975
24
8893
2
137
5079
36231
2691
8962
65560
6764
4905
33114
9
67620
4497
2807
3
978
1
62
54574
98101
40
4245
8216
3263
57
24909
78958
8417
82029
3
26540
4136
8448
3472
46277
7982
19955
5471
71197
71229
40384
9431
5751
58
2116
13891
43907
5516
5979
4500
6927
9959
10370
23
1025
7673
8661
4135
9862
48757
30
1
2197
1085
47077
8
60092
213176
35335
32494
85964
5
25342
489
395
940
55441
78608
26347
16677
9331
15932
54692
391
25177
83115
55018
35703
4339
89354
8547
46273
7
91080
39673
18086
6301
93482
36669
389
1637
95570
18445
2302
5094
3595
9626
8565
8729
2344
66517
221
6183
56849
8643
71076
9
31757
36207
8492
8495
5766
21889
74425
2
23031
33275
91
19266
274526
4635
82
32
1818
29172
61154
8236
1462
5
9341
8347
1537
97
76224
6368
48566
3528
22565
1133
51337
19125
74674
35159
79746
4481
40185
4863
9
5055
30355
9713
3310
62483
261
97752
1116
5719
40649
7501
7
6619
72338
6118
7600
83644
9687
5
4867
55
6573
18719
92982
4927
145
46830
5388
9176
30031
5
54659
29
29846
8486
4058
5475
7532
4759
59180
9
90071
4765
14
26217
73882
4610
84943
38978
7
2038
17814
4783
17
520
7500
7005
7910
43490
2
59781
4378
7
9
23537
96203
32153
9300
30
7
74196
42
3534
36324
2
82157
86598
7268
1113
2108
96829
9
19
2368
10325
92
8745
7
4992
98404
2130
5371
3239
80812
8
3399
251347
9636
78383
5530
31437
69709
9
964
38043
24069
5816
1368
4946
1079
4069
6689
94557
9
77571
84242
3
43470
24926
66889
2886
3551
9920
652
86054
5
882
58980
45884
59447
283
4115
832602
4
9172
87895
70517
11473
9808
819
3527
9434
34825
70555
2
69
64763
35
36566
3098
3101
84287
67492
2322
6021
99
9
40765
85991
7960
64187
5
78861
70370
9495
14311
2908
4000
56339
8705
49
8771
3
51062
6051
2
3217
37790
50478
2046
25336
768
7504
43
8606
4
5905
64001
49979
5961
5
9
6
5930
577337
177
0
6637
34932
49605
8426
1297
0
3540
39
59122
5238
3
28962
3773
2273
1550
58948
366
20048
48423
8556
4668
91586
45578
440
1542
7768
41418
8
66296
67865
1224
45399
63506
74706
4062
2990
9458
465
796
1930
4076
1792
30772
50
5093
58041
98263
84
19305
2
69803
1990
6
48722
5
20825
18
22799
8966
8596
3
6188
43052
58019
0
1246
2209
6
0
4637
8583
75551
8470
83637
2462
868
3854
3
4084
58844
2
33058
43134
571
6408
11766
81
52664
64488
71175
581
140
13727
6365
6948
3475
87345
71928
127
1834
80323
8
3970
31236
51184
65187
2100
15
7367
72
2397
75328
24
1259
68362
1177
6085
19652
9270
80744
1220
3564
781
44198
85
25671
99506
60986
39763
27096
9579
0
7643
14
9039
49676
0
45568
62356
175
2
486
621
5604
121
9760
1862
57
82837
3
69
5
25855
2
1547
53494
81808
48161
2978
718
1
343578
3521
271
92928
6938
62109
3260
5
71153
54525
774
1377
527
2718
699
8
43235
5
9012
92293
389
59089
68214
3
77028
397
73
7851
8
89302
52099
1229
80007
5067
65229
8455
708
161
4927
6
2092
85860
2
1
765
96
9
3169
8783
2546
8871
81
4408
66332
4914
1348
3
9874
9966
9
9770
1
1977
1012
6474
82138
8
1663
97405
804737
89104
67592
18
1216
4
8379
61440
35
46861
7172
12
9662
4484
63753
97146
6044
0
32238
7626
3906
6727
92230
99
72077
24740
8162
59340
853
34868
67853
1446
76
2752
227
631
30372
5053
77
9968
6359
1976
8059
379
55
1
2026
1339
8
8880
3763
35894
1342
9076
43399
6590
6648
3636
36453
599
1
2
72167
41038
34963
2333
96725
2
64430
49353
4157
34482
1747
7203
95851
67172
18360
9567
9383
8930
8123
8911
80853
77171
41
228
64
2280
77
5
104
5189
8
5
1003
1869
504
42686
44746
5657
47115
1427
75
35
37537
55071
9070
5680
21030
726
8142
20472
73947
977
7208
37787
88
94763
7259
98430
81436
75357
4556
8916
9684
45638
75496
1561
75063
60850
7771
75423
6
1952
10
40395
90166
6
178203
51885
43
352
4795
61886
2425
1846
34236
216
4851
60824
13780
2
88131
42748
12
55
83428
29369
75792
1979
11686
37376
6327
6016
82609
95624
9074
6025
35
29
1
9
8799
8
80919
5293
8
78
263
25932
12923
6455
819
2
4311
37557
5834
9426
177034
1107
4657
187
66900
1801
2140
54679
91613
87
52475
54623
455
69438
20928
43327
9173
316
40825
61727
8039
8
55
97018
2635
3550
8388
42
1619
1
80539
84
3430
8
0
44
35475
18128
4888
72773
1
5491
18
85869
15
9460
843
6
582630
3
7128
817
6501
33
4103
91316
87948
5697
57
5903
2004
86614
7068
1280
17073
7
9692
83845
6440
34674
9971
79260
47
6
4645
4439
25
2950
44448
88
6
66
69470
8843
6505
5426
20316
37849
50
74700
1030
8597
14
7746
0
8096
0
49
92529
1
25582
4361
2237
2834
387
19448
3
8724
38612
8
7718
3947
84913
68
83982
6
42281
48826
45320
6
95
9633
6456
6
2331
397
77993
5867
16
99569
6828
85864
4166
9544
67451
76977
2060
29098
2965
9
36399
80942
4951
9498
4788
4033
61904
17515
60669
27458
37
833
1086
77704
5532
209
5546
3106
5878
8732
2
26313
7320
559467
86568
95540
4096
20741
6
32
37854
48296
5090
5182
3
43165
2754
4159
30072
52
64357
963
9811
56226
30359
73701
647
4779
87635
2
77595
47761
261
3427
23778
7
8008
61367
98418
2810
524
9218
9961
58387
57334
18
24
8881
7358
980
25101
4391
31
32554
8
2251
79303
62879
12656
98
8214
63216
9921
24877
40
99849
2195
9
9453
740
1468
17127
390
9993
80520
2780
69760
4291
9870
13362
6
5082
2
168
96541
6
6151
78794
518
187
19334
6
11273
10495
656
4
76310
1
8017
21443
40374
71357
7306
1144
2884
40733
47
52223
84499
51391
91563
4
32
12
66245
24046
6
2616
1522
9121
7408
4005
4373
4
84229
66172
188
2956
18
32912
61675
4277
84879
95745
7
76362
249
56670
2960
52
8
4542
5997
43954
93418
76460
43540
71587
9
8746
9024
7219
778
8211
8062
76300
6582
4638
5000
6
64
196
5581
9881
13
2442
24638
9299
60729
5
44477
5
8197
4
22
4335
79010
5
7662
8641
405
92
84432
3075
68244
1353
6842
81166
53532
95568
8348
1237
58846
3013
6657
60575
9386
89627
25820
3390
64589
44041
5482
933
16950
8
760
2
49158
5
6210
2597
824
69316
1260
21200
39664
9392
3554
6160
7072
92532
98010
420
26
9852
9
835
571
61
287
5
72
53964
1935
13065
7
3364
4666
1896
223
20
0
2980
67236
6398
2330
3288
2817
8260
91697
20649
13
30351
2255
753
4715
6226
9373
577
4053
44047
4864
12607
78689
15782
847
84444
6959
28084
816513
75335
6953
9882
5455
6
0
4
6096
6
71916
0
29865
7983
11023
10140
1751
63393
83754
3062
3538
62301
9493
13153
6310
40164
8148
85437
1038
9715
0
12262
47132
9806
91929
3211
1
13679
96365
7471
96220
610
3
2069
4
2645
34549
7183
49191
12905
38
4797
27403
29236
21614
8833
16169
5518
3942
51380
81
32322
16245
68221
5686
7
36877
26160
1591
8057
1514
40931
10487
7251
12891
0
7839
3
3479
48377
6495
31543
6433
8106
892
78
432
72
24702
95765
99644
61789
31869
54054
65
7054
24
59674
25
61019
57176
29548
597
4154
5061
85588
34257
2399
80022
9
2222
27823
27078
3759
9
37009
9642
9776
9890
73520
6838
1
8
472
3
12801
54017
87042
78483
32465
7111
44310
10
45549
8982
6
35
1953
48824
37889
99944
5752
6909
6
12805
17329
5
31
45956
4487
93321
21633
23900
88045
2830
67471
7893
54235
0
77188
53
78779
90128
85969
8
75958
0
76898
1861
4
78629
398640
72
32422
61347
97
50175
